0.10000000000567866 0.8043396917734952
1.1000000000056218 0.8048617167359593
2.100000000005565 0.8053824225011647
3.100000000005508 0.8059018191969326
4.100000000005451 0.806419895121156
5.100000000005394 0.8069366663923001
6.100000000005338 0.807452116664845
7.100000000005281 0.8079662540987252
8.100000000005224 0.8084790867090701
9.100000000005167 0.8089905924159192
10.10000000000511 0.8095007935203737
11.100000000005053 0.8100096795119407
12.100000000004997 0.8105172403283486
13.10000000000494 0.8110234918656843
14.100000000004883 0.8115284184204201
15.100000000004826 0.8120320468202206
16.10000000000477 0.8125343488560183
17.100000000004712 0.8130353513506529
18.100000000004655 0.8135350337564978
19.1000000000046 0.8140334000786488
20.100000000004542 0.8145304577441934
21.100000000004485 0.8150262047938441
22.100000000004428 0.8155206279961724
23.10000000000437 0.8160137357433601
24.100000000004314 0.8165055357269176
25.100000000004258 0.816996026441998
26.1000000000042 0.8174852049743802
27.100000000004144 0.8179730738614602
28.100000000004087 0.8184596276490218
29.10000000000403 0.8189448535077295
30.100000000003973 0.8194287857995397
31.100000000003917 0.8199114013602717
32.10000000000386 0.8203926940049185
33.1000000000038 0.8208726828199369
34.100000000003746 0.8213513562156439
35.10000000000369 0.821828706591107
36.10000000000363 0.8223047491698467
37.100000000003575 0.8227794720885984
38.10000000000352 0.8232528837500035
39.10000000000346 0.8237249836990601
40.100000000003405 0.8241957701509008
41.10000000000335 0.8246652463252424
42.10000000000329 0.8251334081219014
43.100000000003234 0.8256002450370166
44.10000000000318 0.8260657657579241
45.10000000000312 0.8265299783411277
46.100000000003064 0.8269928826079218
47.10000000000301 0.8274544687104045
48.10000000000295 0.8279147458539777
49.10000000000289 0.8283737074873629
50.10000000000284 0.8288313682761104
51.10000000000278 0.8292877103235521
52.10000000000272 0.8297427332781032
53.100000000002666 0.8301964411271129
54.10000000000261 0.8306488386608751
55.10000000000255 0.8310999261943678
56.100000000002495 0.8315496950389841
57.10000000000244 0.8319981543931801
58.10000000000238 0.8324452907124158
59.100000000002325 0.8328911237819466
60.10000000000227 0.8333356343581231
61.10000000000221 0.8337788376108343
62.100000000002154 0.8342207250802048
63.1000000000021 0.8346613060157484
64.10000000000204 0.8351005682168601
65.10000000000198 0.8355385173741084
66.10000000000193 0.835975154627365
67.10000000000187 0.8364104726689672
68.10000000000181 0.8368444804479606
69.10000000000176 0.8372771794506909
70.1000000000017 0.8377085631670762
71.10000000000164 0.8381386278851095
72.10000000000159 0.8385673879356841
73.10000000000153 0.8389948293597341
74.10000000000147 0.8394209534034708
75.10000000000142 0.83984576498363
76.10000000000136 0.840269263086838
77.1000000000013 0.8406914415355928
78.10000000000124 0.8411123094762931
79.10000000000119 0.841531869065506
80.10000000000113 0.8419501148701127
81.10000000000107 0.8423670373253351
82.10000000000102 0.8427826551577428
83.10000000000096 0.8431969535573801
84.1000000000009 0.8436099476301603
85.10000000000085 0.8440216201380663
86.10000000000079 0.8444319856774181
87.10000000000073 0.8448410392073605
88.10000000000068 0.8452487725055368
89.10000000000062 0.8456551922786344
90.10000000000056 0.8460603013174262
91.1000000000005 0.8464640951397557
92.10000000000045 0.8468665771517956
93.10000000000039 0.8472677432623335
94.10000000000034 0.8476676033408509
95.10000000000028 0.8480661500701018
96.10000000000022 0.8484633734736194
97.10000000000016 0.8488592914963493
98.10000000000011 0.8492538862639425
99.10000000000005 0.8496471654467309
100.0 0.85
100.99999999999994 0.8503907913361421
101.99999999999989 0.8507802723800405
102.99999999999983 0.8511684384497241
103.99999999999977 0.8515552851817823
104.99999999999972 0.8519408183552913
105.99999999999966 0.8523250437465765
106.9999999999996 0.8527079572425077
107.99999999999955 0.8530895548544166
108.99999999999949 0.8534698390806563
109.99999999999943 0.8538488056982123
110.99999999999937 0.8542264612914595
111.99999999999932 0.8546028024672012
112.99999999999926 0.8549778260355653
113.9999999999992 0.8553515387118062
114.99999999999915 0.8557239369112669
115.99999999999909 0.8560950236456
116.99999999999903 0.8564647955939211
117.99999999999898 0.8568332599997646
118.99999999999892 0.8572004012363919
119.99999999999886 0.8575662264217927
120.9999999999988 0.8579307457001187
121.99999999999875 0.8582939532698535
122.99999999999869 0.8586558434383613
123.99999999999864 0.8590164233887972
124.99999999999858 0.8593756913468906
125.99999999999852 0.859733646006329
126.99999999999847 0.8600902823502056
127.99999999999841 0.8604456043382498
128.99999999999835 0.8607996102256649
129.9999999999983 0.8611523079921234
130.99999999999824 0.8615036878609528
131.99999999999818 0.8618537541686867
132.99999999999812 0.8622025112128963
133.99999999999807 0.8625499498207427
134.999999999998 0.8628960781690626
135.99999999999795 0.8632408925580162
136.9999999999979 0.8635843894245396
137.99999999999784 0.863926576749293
138.99999999999778 0.8642674547120934
139.99999999999773 0.8646070122145703
140.99999999999767 0.8649452626393027
141.9999999999976 0.865282198201858
142.99999999999756 0.8656178166220702
143.9999999999975 0.8659521231114969
144.99999999999744 0.8662851152903291
145.99999999999739 0.8666167942644272
146.99999999999733 0.8669471611747605
147.99999999999727 0.8672762112140722
148.99999999999721 0.8676039503192943
149.99999999999716 0.867930372363885
150.9999999999971 0.8682554867277175
151.99999999999704 0.8685792847105653
152.999999999997 0.8689017697888959
153.99999999999693 0.8692229408318647
154.99999999999687 0.8695427999417723
155.99999999999682 0.869861347044437
156.99999999999676 0.8701785748257512
157.9999999999967 0.87049448997448
158.99999999999665 0.8708090895051375
159.9999999999966 0.8711223760354841
160.99999999999653 0.8714343498722797
161.99999999999648 0.8717450113398619
162.99999999999642 0.8720543608753627
163.99999999999636 0.8723623968558898
164.9999999999963 0.872669113531818
165.99999999999625 0.8729745183371294
166.9999999999962 0.8732786123264271
167.99999999999613 0.8735813906813235
168.99999999999608 0.8738828551003225
169.99999999999602 0.8741830070134275
170.99999999999596 0.8744818455792922
171.9999999999959 0.874779370133828
172.99999999999585 0.8750755828187116
173.9999999999958 0.8753704800049479
174.99999999999574 0.8756640641428157
175.99999999999568 0.8759563352523153
176.99999999999562 0.876247293730605
177.99999999999557 0.8765369363275158
178.9999999999955 0.8768252697952476
179.99999999999545 0.8771122834720882
180.9999999999954 0.8773979865489764
181.99999999999534 0.8776823766020635
182.99999999999528 0.8779654552217475
183.99999999999523 0.8782472164248227
184.99999999999517 0.8785276640057593
185.9999999999951 0.8788068018612428
186.99999999999505 0.8790846246636714
187.999999999995 0.8793611347545083
188.99999999999494 0.8796363292872802
189.99999999999488 0.8799102110739635
190.99999999999483 0.8801827798851592
191.99999999999477 0.8804540337334427
192.9999999999947 0.8807239736700339
193.99999999999466 0.8809926027331063
194.9999999999946 0.8812599194597348
195.99999999999454 0.8815259210397338
196.9999999999945 0.8817906065090046
197.99999999999443 0.8820539798320953
198.99999999999437 0.8823160383702622
